eval_accuracy = 0.7704918032786885
eval_loss = 0.6571411832020833
f_score = 0.7230029860598299
global_step = 19008
loss = 0.08064356124813452
precision = 0.7400319116447133
recall = 0.7108109743484601
