eval_accuracy = 0.76374156219865
eval_loss = 0.6568402001490959
f_score = 0.7125826818827671
global_step = 9900
loss = 0.06095922864364378
precision = 0.735134067490264
recall = 0.6963593660779702
