eval_accuracy = 0.7540983606557377
eval_loss = 0.66138832958845
f_score = 0.6971639294109758
global_step = 10494
loss = 0.08912128613055127
precision = 0.7373769550473409
recall = 0.6714398968413956
